8683
8730
1554
1664
1706
3433
3435
4426
4595
4728
5723
762
6698
7821
8128
8286
8404
1010
8174
8179
3066
1058
4812
2668
789
5264
437
4804
8161
2608
11
68
9
3407
7870
4425
7051
4165
1563
4309
173
172
28
8252
7848
2
72
8
6195
6246
214
4162
213
5
4250
240
1597
322
3006
645
4164
664
2648
707
1228
2531
8365
7995
1558
739
7
5847
6564
6273
4823
895
8653
8669
1343
4808
7184
644
248
2891
1694
2624
2639
6608
6959
6487
8405
6484
1478
4007
7489
2799
2798
4434
1702
4817
4835
4830
1474
3903
1578
1475
4304
3904
1476
573
2585
8378
7162
5880
5564
47
5613
5595
8013
7368
24
188
8418
7687
1562
8745
8674
6038
7746
7330
8517
6364
6486
7649
1689
1683
6904
4241
338
3567
3575
1550
2632
8479
8490
4412
7803
7990
4810
1555
2498
8366
6674
25
6103
1004
1996
249
2725
2781
2840
2374
2687
1676
2849
1039
1046
532
1690
7594
8290
1442
1559
435
4012
193
5994
4726
4727
8684
4621
1737
4377
4378
4376
5438
5432
5437
3568
7956
3576
3569
2905
8601
772
7728
1677
3448
1419
7354
1736
7492
4821
4270
3194
8740
4824
8709
1633
941
1472
6716
5165
4389
6865
12
46
8522
7231
8436
40
8075
8605
5909
76
6995
6634
6039
4505
5783
6864
2922
3132
8645
8350
6119
1084
4597
6857
2356
2540
1147
2937
1495
1678
247
235
230
212
409
234
4237
1038
1473
3687
6002
1698
2558
1427
3099
3073
3089
1096
7875
66
64
6660
8329
8328
6394
8142
7192
16
15
8130
35
2124
8297
4589
8057
189
201
6024
7969
196
6607
183
3110
8295
1707
6773
6774
6800
8690
1593
3552
3553
3732
3555
4811
3556
4807
3562
3563
4813
3557
7367
3554
3551
3558
4806
3559
3560
6611
7425
4805
4814
8235
27
1560
1598
1654
6298
3561
4809
423
4822
17
13
6398
6353
4815
8039
3144
530
1551
8182
29
4163
62
8183
4439
57
8224
30
6409
7172
1704
1705
8682
8095
75
3570
5469
5679
3577
1117
6724
6723
3565
3571
3156
4355
2557
3566
3572
4816
2856
4828
5459
5458
5457
5460
5875
5873
4385
8429
2797
1057
8006
7949
39
1630
4088
1432
2971
4818
6892
7820
6754
6192
1433
4245
354
7331
4819
4820
4326
499
4324
4827
7466
4826
5511
534
8380
2609
7456
1203
6749
1
6891
77
8742
45
1564
6727
6443
3507
1067
3191
2942
5471
4831
487
4829
1681
1682
1014
531
4787
1353
740
1168
2674
3256
8245
7961
4087
6535
328
8711
2987
8282
2145
533
4825
505
3123
6878
6605
3103
2679
7191
6965
3348
1470
6668
7839
8014
6877
51
58
52
5840
50
6061
4642
8755
2796
6072
646
6544
8546
868
7032
7597
427
73
155
19
6581
8223
8419
2489
434
7038
6148
6158
6635
4598
4238
6709
1105
6296
21
6059
6194
6708
8303
3255
4639
3254
8639
1561
3253
7857